6437222319.65
6398544000.2
6361147314.30
6324989582.98
6290029548.9
6256227329.05
6223544368.64
6191943397.23
6161388385.7
6131844505.15
6103278086.55
6075656582.47
6048948529.556
6023123512.40
5998152128.71
5974005955.53
5950657516.60
5928080250.84
5906248481.89
5885137388.61
5864722976.60
5844982050.65
5825892188.17
5807431713.40
5789579672.56
5772315809.78
5755620543.90
5739474945.94
5723860717.41
5708760169.32
5694156201.84
5680032284.71
5666372438.2
5653161214.99
5640383682.05
5628025403.88
5616072425.75
5604511257.74
5593328859.24
5582512623.9
5572050365.56
5561930303.53
3732353519.21
3336509683.04
3244342812.8
3219253808.923
3210350637.81
3206030123.1
3203292389.1
3201214231.796
3199452136.307
3197859778.02
3196360711.767
3194918758.786
3193516736.501
3192142044.939
3190785223.84
3189444389.468
3188120903.26
3186809578.26
3185517054.951
3184243309.44
3182984158.545
3181737686.887
3180500395.638
3179277350.741
3178072588.22
3176879495.604
3175695800.85
3174519264.72
3173356306.975
3172209558.942
3171081212.745
3169973997.41
3168885642.707
3167813068.80
3166758672.902
3165714984.13
3164683569.276
3163665252.937
3162662614.079
3161670563.10
3160692817.436
3159726630.98
3121494765.404
3086543014.423
3054171704.715
3023888253.105
2995342641.12
2968293822.923
2942575561.939
2918074623.67
2894733342.25
2872529019.15
2851452812.05
2831446305.92
2812492735.891
2794605266.03
2777701371.812
2761737714.506
2746635855.33
2732360246.04
2718811778.40
2705959665.887
2693760262.711
2682175542.301
2671169152.3
2660703007.804
2650733622.61
2641214691.638
2632134278.55
2623450203.40
2615132476.677
2607163213.221
2599507903.34
2592147962.531
2585097871.296
2578336612.654
2571848539.922
2565606771.294
2559586164.763
2553784672.3
2548186970.83
2542785878.7
2537572288.524
2532533693.525

2443262906.48
2384160936.69
2341997582.202
2309641784.887
2283607977.302
2261800840.165
2243129056.57
2226905812.621
2212525289.47
2199643480.1
2187964128.744
2177350555.25
2167635315.265
2158609783.07
2150223687.49
2142422748.914
2135155620.890
2128326643.6
2121923220.277
2115935914.708
2110287965.474
2104974082.641
2099961086.275
2095238453.890
2090750686.910
2086517254.165
2082515172.716
2078704754.677
2075102286.796
2071711262.577
2068477078.87
2065376281.006
2062383744.83
2059518557.633
2056769625.74
2054128920.317
2051590809.879
2049153878.188
2046815903.73
2044553288.849
2042369596.409
2040259927.55

2017783325.495
1997370420.053
1978753967.002
1961655380.229
1945886101.772
1931259269.360
1917674852.91
1905012014.972
1893181626.496
1882121008.74
1871741248.594
1861983741.072
1852797812.088
1844133978.660
1835956229.349
1828225765.852
1820900088.136
1813942055.651
1807332585.197
1801042955.393
1795051688.66
1789330448.833
1783867618.379
1778639527.109
1773633603.713
1768832155.463
1764232308.8
1759809098.320
1755557795.760
1751476206.26
1747549271.38
1743764376.425
1740115421.128
1736600975.835
1733214906.035
1729947405.066
1726796262.97
1723750534.86
1720809405.894
1717963111.048
1715207167.919
1712538479.787
1701325633.681
1691388467.133
1682392343.669
1674157315.370
1666563344.839
1659521819.96
1652989999.387
1646949499.335
1641318225.136
1636020302.451
1631080014.575
1626431593.900
1622040991.656
1617904314.233
1613987246.472
1610284716.52
1606778306.71
1603465597.905
1600324281.57
1597349150.325
1594516338.033
1591823459.203
1589258558.949
1586816142.813
1584482762.792
1582265049.831
1580132932.335
1578085052.052
1576127332.887
1574255953.893
1572470094.0
1570768023.82
1569133729.037
1567568457.95
1566067248.881
1564624368.85
1563237348.72
1561904441.850
1560618211.017
1559376367.00
1558180776.808
1557026212.556

1549893813.434
1543298237.545
1537160153.3
1531414127.318
1526018033.397
1520949550.59
1516163999.309
1511630487.831
1507340110.776
1503263096.105
1499390254.535
1495710448.0
1492207257.058
1488866258.533
1485676180.082
1482636138.67
1479732256.72
1476959226.245
1474310742.451
1471778698.248
1469355802.904
1467035290.321
1464812386.69
1462682820.203
1460638448.776
1458676316.13
1456792484.984
1454985047.283
1453251584.042
1451587374.566
1449987264.786
1448449399.53
1446970450.124
1445549184.890
1444178941.24
1442860740.9
1441591885.204
1440369222.622
1439190260.385
1438055050.357
1436960427.449
1435905780.014

1432188665.412
1428906829.216
1425944330.183
1423237391.993
1420738740.391
1418413852.028
1416250023.182
1414228498.864
1412338843.93
1410567741.245
1408904117.498
1407338668.63
1405866736.50
1404481094.657
1403176432.101
1401945820.66
1400788410.13
1399695788.544
1398664277.805
1397687751.916
1396768528.82
1395900173.899
1395078273.21
1394300118.717
1393560438.432
1392858280.905
1392190011.68
1391554766.99
1390948937.704
1390370626.640
1389819106.250
1389294377.968
1388792673.54
1388315245.6
1387860345.29
1387426272.55
1387012653.494
1386618211.345
1386241876.960
1385882347.13
1385539502.980
1385211688.573

1382629062.388
1380254562.756
1378056368.120
1376009160.927
1374092569.835
1372295552.95
1370603198.792
1369008716.06
1367502355.474
1366076629.701
1364725832.366
1363443955.893
1362227074.50
1361070090.462
1359968103.439
1358920154.556
1357922847.047
1356973584.179
1356067918.250
1355203535.167
1354379827.088
1353592430.712
1352840462.086
1352122544.10
1351437228.60
1350783095.98
1350157375.86
1349558830.945
1348986014.529
1348437274.139
1347911579.284
1347408226.73
1346926241.205
1346464874.034
1346023365.699
1345600869.264
1345195651.47
1344807260.06
1344434534.549
1344076846.84
1343733390.73
1343403606.92

1341796487.894
1340423957.320
1339208699.555
1338116112.397
1337120914.333
1336206916.371
1335364171.485
1334585970.785
1333865162.469
1333197229.243
1332574909.129
1331995942.800
1331457289.0
1330954823.48
1330484597.197
1330045060.31
1329633169.05
1329247995.030
1328886214.693
1328546663.72
1328227734.893
1327926773.804
1327643395.248
1327377067.065
1327125579.269
1326887676.800
1326662676.744
1326449585.644
1326248994.419
1326059349.96
1325879882.558
1325709626.52
1325548394.503
1325395310.451
1325250131.617
1325112317.05
1324981426.249
1324856928.448
1324739006.897
1324627791.980
1324522133.623
1324421629.36
1323187733.86
1322059115.86
1321020004.860
1320056923.322
1319159409.853
1318320641.347
1317534481.191
1316796161.15
1316100701.498
1315444580.41
1314824732.944
1314238847.39
1313684385.803
1313158838.328
1312660475.343
1312188392.405
1311740110.917
1311314234.138
1310909334.084
1310524611.058
1310158495.641
1309809763.740
1309477363.663
1309160364.259
1308857967.849
1308569590.112
1308294574.380
1308031977.239
1307781031.3
1307541337.791
1307312257.70
1307093134.991
1306883641.871
1306683313.874
1306491547.84
1306307984.750
1306132217.387
1305963788.705
1305802472.572
1305647908.635
1305499776.083
1305357759.599
1304431486.600
1303651594.74
1302969158.835
1302359486.425
1301807873.8
1301305214.342
1300845586.520
1300422755.141
1300032234.149
1299670965.431
1299335816.850
1299024992.050
1298736177.642
1298467165.81
1298216433.95
1297982831.481
1297764897.515
1297561810.705
1297372138.140
1297194816.525
1297028925.147
1296873617.41
1296728093.138
1296592025.909
1296464400.88
1296344476.916
1296231640.476
1296125244.428
1296024936.341
1295930506.180
1295841711.36
1295758049.791
1295678993.073
1295604453.257
1295534028.029
1295467431.470
1295404386.982
1295344640.270
1295288000.099
1295234303.128
1295183379.90
1295135045.45
1294398172.776
1293726233.50
1293108167.494
1292536149.182
1292004602.560
1291508647.94
1291044586.233
1290608922.843
1290198920.487
1289812370.28
1289447578.02
1289102939.678
1288777271.283
1288468907.66
1288176552.744
1287899107.904
1287635688.793
1287385578.252
1287147870.86
1286921678.685
1286706384.519
1286501490.657
1286306420.08
1286120394.387
1285943086.412
1285774043.359
1285612822.044
1285458970.397
1285312071.925
1285171834.840
1285037786.355
1284909731.873
1284787427.132
1284670520.756
1284558798.753
1284451905.891
1284349666.21
1284251869.835
1284158304.730
1284068721.401
1283982984.504
1283900993.078
1283296513.311
1282790358.233
1282349865.3
1281957853.921
1281604974.642
1281284814.406
1280992179.731
1280725087.30
1280479342.812
1280251966.557
1280042180.693
1279848490.706
1279669034.262
1279501972.077
1279346207.13
1279201446.226
1279066334.57
1278940081.4
1278821919.097
1278711131.60
1278607160.85
1278509507.58
1278417738.839
1278331485.421
1278250335.482
1278173976.191
1278102176.854
1278034588.215
1277970889.6
1277910803.401
1277854168.337
1277800657.425
1277750075.257
1277702234.975
1277656975.253
1277614216.852
1277573729.263
1277535374.44
1277499019.31
1277464608.97
1277432009.82
1277401065.229
1276913361.501
1276470546.333
1276064915.656
1275690719.151
1275343729.137
1275020224.52
1274717988.56
1274434716.158
1274168609.98
1273918120.04
1273681853.781
1273458639.82
1273247544.549
1273047887.937
1272858804.38
1272679657.347
1272509744.31
1272348481.223
1272195420.351
1272049923.33
1271911583.447
1271780124.717
1271655097.31
1271536068.074
1271422719.100
1271314681.189
1271211719.324
1271113562.670
1271019950.739
1270930654.170
1270845501.058
1270764210.078
1270686571.104
1270612387.488
1270541461.954
1270473662.249
1270408802.247
1270346768.401
1270287421.042
1270230671.895
1270176376.615
1270124494.435
1269705587.893
1269357931.608
1269057383.948
1268791595.083
1268553094.48
1268337557.43
1268140425.552
1267959324.978
1267792088.607
1267638206.084
1267495803.150
1267363773.819
1267241081.374
1267126677.009
1267020184.589
1266920801.330
1266827806.777
1266740723.025
1266659144.110
1266582615.159
1266510852.081
1266443541.163
1266380322.49
1266320887.48
1266264946.444
1266212241.59
1266162569.49
1266115763.9
1266071596.257
1266029943.675
1265990797.940
1265953787.624
1265918793.2
1265885722.388
1265854416.6
1265824768.774
1265796704.95
1265770161.468
1265744981.420
1265721085.31
1265698421.07
1265677006.852
1265337504.047
1265030611.446
1264750725.542
1264493469.03
1264255756.11
1264034871.785
1263828797.29
1263635979.441
1263455175.407
1263285178.211
1263125042.371
1262973961.05
1262831222.333
1262696173.542
1262568292.815
1262447149.140
1262332267.60
1262223224.18
1262119663.637
1262021246.228
1261927698.291
1261838728.50
1261754091.018
1261673544.63
1261596827.168
1261523710.358
1261454008.387
1261387508.423
1261324075.45
1261263551.15
1261205780.46
1261150639.021
1261097970.275
1261047642.433
1260999554.53
1260953618.924
1260909723.536
1260867749.976
1260827604.845
1260789195.453
1260752459.783
1260717306.931
1260413383.533
1260162092.787
1259945800.48
1259754772.59
1259583057.903
1259427153.932
1259284755.052
1259154140.003
1259034276.54
1258923822.486
1258821305.010
1258726347.72
1258638155.746
1258555857.595
1258478986.350
1258407095.408
1258339770.624
1258276652.410
1258217448.931
1258162039.567
1258110044.173
1258061148.500
1258015174.68
1257971961.841
1257931248.562
1257892947.427
1257856830.913
1257823028.65
1257791138.666
1257761057.31
1257732901.998
1257706367.891
1257681284.130
1257657552.6
1257635108.46
1257613957.273
1257593965.82
1257575125.731
1257557315.274
1257540428.13
1257524420.61
1257509215.310
1257258740.96
1257033075.260
1256827887.89
1256639855.226
1256466412.632
1256305714.726
1256156174.4
1256016521.578
1255885754.988
1255763002.68
1255647506.183
1255538713.945
1255436021.090
1255338965.533
1255247164.846
1255160264.252
1255077905.21
1254999805.115
1254925761.916
1254855455.090
1254788705.798
1254725288.023
1254664972.993
1254607582.490
1254552995.315
1254501031.072
1254451533.855
1254404363.9
1254359423.282
1254316563.964
1254275701.007
1254236725.769
1254199518.908
1254163993.88
1254130079.755
1254097679.61
1254066713.279
1254037117.4
1254008831.556
1253981780.296
1253955925.03
1253931187.170
1253697923.355
1253506525.288
1253343918.809
1253201291.523
1253073968.508
1252959417.
1252855200.446
1252759836.521
1252672026.388
1252590906.449
1252515953.111
1252446357.52
1252381566.435
1252321142.828
1252264709.18
1252212064.576
1252162846.946
1252116730.64
1252073495.5
1252032920.093
1251994899.60
1251959143.416
1251925503.777
1251893915.095
1251864164.771
1251836199.193
1251809857.190
1251784997.614
1251761519.586
1251739339.97
1251718396.01
1251698658.68
1251680000.69
1251662320.165
1251645575.094
1251629722.899
1251614680.794
1251600401.88
1251586842.329
1251573982.042
1251561779.343
1251550179.271
1251360115.567
1251189378.98
1251034638.189
1250893284.569
1250763245.056
1250642969.580
1250531266.913
1250427188.856
1250329953.508
1250238800.340
1250153172.3
1250072583.70
1249996632.507
1249924948.309
1249857205.263
1249793151.881
1249732510.7
1249675057.81
1249620602.51
1249568931.88
1249519867.863
1249473268.58
1249429005.90
1249386922.954
1249346887.247
1249308779.540
1249272489.228
1249237920.020
1249204978.748
1249173593.307
1249143674.58
1249115144.167
1249087946.876
1249061998.480
1249037226.986
1249013579.362
1248991005.148
1248969442.167
1248948838.40
1248929142.71
1248910320.555
1248892323.501
1248705129.492
1248553337.532
1248424576.096
1248312044.669
1248211710.102
1248121394.160
1248039284.514
1247964062.984
1247894779.063
1247830722.956
1247771327.92
1247716181.381
1247664879.159
1247617023.917
1247572292.157
1247530416.796
1247491167.050
1247454337.485
1247419788.738
1247387319.189
1247356767.249
1247327994.833
1247300889.312
1247275336.999
1247251235.378
1247228471.219
1247207025.851
1247186769.986
1247167686.28
1247149625.379
1247132571.184
1247116440.846
1247101146.82
1247086640.370
1247072911.906
1247059930.694
1247047601.977
1247035889.36
1247024760.327
1247014180.246
1247004115.878
1246994569.564
