6421596491.954
6368569452.98
6318022819.912
6269839872.531
6223909384.270
6180125363.622
6138386807.747
6098597467.667
6060665624.519
6024503876.336
5990028934.859
5957161431.923
5925825734.947
5895949771.108
5867464859.799
5840305552.966
5814409482.959
5789717217.548
5766172121.763
5743720226.233
5722310101.724
5701892739.586
5682421437.816
5663851692.502
5646141094.352
5629249230.120
5613137588.64
5597769471.341
5583109906.865
5569125569.838
5555784703.3672
5543057045.220
5530913757.48
5519327359.505
5508271664.046
5497721716.370
5487653736.248
5478045062.678
5468874101.205
5460120273.719
5451763970.623
5443786505.246
3652824116.043
3313958398.7775
3237764298.079
3214547113.4351
3204518188.159
3198837497.471
3194947250.7910
3191879664.0142
3189223216.9151
3186780710.6482
3184466566.985
3182228931.862
3180040245.0125
3177892864.7379
3175780454.0500
3173701210.4261
3171654249.808
3169633419.26
3167638522.25
3165669772.9539
3163729128.3747
3161816695.308
3159931941.1079
3158073890.102
3156241747.7457
3154441330.438
3152673391.6223
3150942393.0091
3149242221.105
3147573300.607
3145941400.523
3144343879.454
3142773494.0012
3141224797.482
3139704543.9979
3138213694.3791
3136758849.7245
3135335906.481
3133935923.7800
3132559210.676
3131204110.858
3129869888.330
3081504247.4570
3036894699.914
2995396647.7507
2956532179.4326
2919943693.549
2885362519.454
2852602106.7755
2821610946.0870
2792421836.4513
2765011433.108
2739290791.1620
2715207451.514
2692665059.902
2671572203.082
2651803782.501
2633256121.4189
2615832909.872
2599431485.9847
2583973748.3118
2569402397.4008
2555663866.8110
2542680762.8865
2530385931.1583
2518711378.161
2507607054.755
2497020323.8833
2486923736.700
2477274869.9885
2468045180.0968
2459203931.206
2450732435.519
2442600597.6216
2434799311.039
2427299335.6813
2420072927.233
2413107786.8959
2406402336.008
2399938221.4803
2393692169.920
2387645577.065
2381784609.1106
2376105608.1301
2301618029.226
2248701523.973
2208257262.5467
2176188741.728
2149586567.5280
2126955463.5980
2107241739.0641
2089847110.66
2074383902.3040
2060442650.6017
2047857028.4626
2036507434.514
2026112919.1071
2016522264.5852
2007680663.5938
1999528241.6501
1991939229.2888
1984851006.6185
1978206937.4658
1971996884.1819
1966200046.3246
1960722797.1797
1955560077.1506
1950647755.856
1945985056.958
1941551843.9542
1937335464.4421
1933313746.7492
1929462829.2353
1925778297.7439
1922243119.911
1918851419.258
1915596447.9627
1912477072.2221
1909477199.0219
1906593739.752
1903824009.0706
1901147302.2168
1898552465.825
1896036640.0188
1893608989.953
1891257632.5196
1872460910.9273
1855174850.2109
1839208195.1345
1824396882.0751
1810586550.7737
1797679308.3234
1785597734.444
1774267571.332
1763631417.4698
1753617891.2622
1744179439.0928
1735265991.8892
1726824285.54
1718844796.2203
1711286851.5476
1704107778.9338
1697297732.4503
1690828315.8796
1684671101.177
1678799891.2267
1673195492.6329
1667845096.6484
1662728157.0728
1657833736.5
1653146032.870
1648652439.8934
1644338321.5302
1640188670.4969
1636193529.368
1632343924.9485
1628636309.6954
1625063974.0481
1621620804.1674
1618293353.7271
1615073190.2083
1611956602.8338
1608936671.10
1606010267.2104
1603177744.6502
1600431008.0709
1597769361.453
1595190971.8087
1586540647.8917
1578912783.1805
1571953205.5625
1565521915.0900
1559546120.4932
1553930588.2915
1548631467.3189
1543625093.9333
1538895547.6395
1534411640.1744
1530161445.9061
1526124375.5150
1522294039.6263
1518647385.9455
1515170969.9037
1511863191.7966
1508716147.2307
1505723975.0949
1502855238.43
1500110188.707
1497483493.44
1494965971.507
1492553974.5130
1490240910.3740
1488021190.038
1485881912.0915
1483820724.5172
1481838235.4812
1479929333.4315
1478087538.5241
1476311891.3876
1474600046.982
1472947265.247
1471349226.6803
1469820065.7364
1468353212.0507
1466935013.5022
1465563767.1280
1464239345.7499
1462957526.2532
1461716505.6071
1460513337.4980
1454313951.6965
1448499882.5830
1443028219.4178
1437846027.685
1432920464.6277
1428233077.3886
1423759187.3920
1419483037.943
1415393338.4192
1411472436.2630
1407704382.8187
1404084786.0490
1400601144.9438
1397247949.1322
1394017842.0239
1390904978.9868
1387903812.9268
1385005282.1755
1382207247.2657
1379507206.6196
1376899869.08
1374377575.3347
1371939993.0700
1369585719.5402
1367307446.2933
1365100379.2765
1362964702.3432
1360899203.3811
1358900508.318
1356964926.789
1355091132.1633
1353275177.7695
1351513333.6245
1349802219.3771
1348139649.2355
1346524163.9458
1344955390.252
1343430285.4795
1341947109.9810
1340503404.1427
1339099271.6997
1337733486.3903
1334054627.7885
1330769418.0625
1327761907.1013
1324970533.7721
1322352633.5650
1319892095.903
1317567753.6934
1315372641.410
1313288831.3521
1311312775.8149
1309437692.244
1307654332.320
1305954991.6423
1304337267.2252
1302799680.1051
1301332721.0368
1299933407.454
1298596046.0426
1297321949.1543
1296105023.7133
1294940774.5208
1293825398.5568
1292762546.2865
1291749687.6515
1290778597.5443
1289847327.7520
1288954662.714
1288099572.739
1287276576.2893
1286484621.1222
1285722076.901
1284988158.5425
1284281292.472
1283600271.2581
1282946379.3196
1282318052.0627
1281713459.5180
1281129130.7510
1280567413.1720
1280025246.0264
1279502428.9987
1278997227.4030
1275919709.8923
1273044222.4591
1270344573.0888
1267795056.0600
1265381213.4297
1263089208.9696
1260903466.5207
1258816020.252
1256820727.9568
1254909144.2087
1253077217.0671
1251318740.767
1249629770.0141
1248006196.9735
1246441705.7879
1244936093.3648
1243486950.663
1242089999.960
1240743187.86
1239444286.4537
1238189330.6831
1236977236.6829
1235805711.9844
1234671987.6859
1233575307.4600
1232515014.7150
1231488978.666
1230495824.1372
1229535678.1340
1228605258.7278
1227703733.867
1226829989.680
1225982354.0912
1225160397.0004
1224363594.9776
1223591055.9677
1222842326.3599
1222116519.1598
1221413011.8014
1220730815.6199
1220068605.4689
1219425298.65
1217547020.0689
1215891977.4249
1214397855.7721
1213022740.189
1211743498.7887
1210546112.5786
1209419835.2447
1208357041.42
1207353821.8966
1206403940.6818
1205504379.261
1204651179.0260
1203840586.2900
1203071839.9736
1202340418.2477
1201644160.3769
1200980943.877
1200348488.7615
1199747301.8828
1199172972.9791
1198623236.1236
1198097056.698
1197593272.4718
1197112000.4045
1196651091.173
1196209270.9899
1195785506.8829
1195379757.100
1194990655.4874
1194616440.9518
1194256686.780
1193910867.6753
1193578417.6193
1193259094.8582
1192952958.9485
1192658923.7241
1192376640.748
1192104921.9873
1191843100.738
1191590755.7972
1191347836.4604
1191113814.269
1189467356.326
1187930819.6474
1186487355.2047
1185125152.9992
1183834567.7590
1182609551.4393
1181443152.2294
1180330869.0938
1179267719.1028
1178251115.2743
1177278062.8043
1176345123.41
1175450062.0288
1174590795.2743
1173764994.3343
1172970572.473
1172206205.103
1171470084.5442
1170761163.3317
1170077815.4117
1169419332.1274
1168784623.6408
1168172555.0968
1167582304.8806
1167012334.4495
1166461477.9941
1165929431.8721
1165414780.148
1164917528.5321
1164436545.5379
1163971101.0127
1163520337.7379
1163083645.5410
1162660568.0303
1162250512.9068
1161853311.9624
1161468576.4717
1161095299.1948
1160733334.3674
1160382282.0860
1160041568.8605
1159710967.6551
1158547793.2884
1157534642.8698
1156622384.338
1155786029.2955
1155012894.9805
1154294575.4727
1153621855.1245
1152989738.7536
1152394719.3869
1151833717.8243
1151303675.101
1150802377.7203
1150328027.059
1149879126.8766
1149453854.5247
1149050127.9397
1148667246.9797
1148303084.409
1147956486.808
1147626646.5408
1147313633.5973
1147014980.6615
1146730503.519
1146458995.1222
1146200162.7989
1145952913.7089
1145716508.8859
1145490494.1913
1145274179.7877
1145067306.9363
1144869518.1842
1144679948.5343
1144498302.5610
1144324144.9959
1144157601.4711
1143998410.3027
1143845760.449
1143699143.5804
1143558283.25
1143423450.184
1143294061.0536
1143169865.1981
1142132031.016
1141160720.735
1140248008.297
1139387162.919
1138572874.9272
1137800543.1394
1137066860.0877
1136368433.8932
1135701882.0183
1135064945.9637
1134455644.895
1133872248.6384
1133312992.0423
1132776296.0942
1132261107.3934
1131766151.3030
1131290006.2064
1130831860.4357
1130390972.9899
1129966354.5282
1129557616.8830
1129163803.435
1128783878.4386
1128417258.573
1128063304.7003
1127721358.85
1127390948.51
1127071815.230
1126763478.6198
1126465390.372
1126177064.6383
1125898027.9871
1125628100.0365
1125366897.850
1125114027.3765
1124869164.755
1124632088.828
1124402413.3286
1124179785.2714
1123963838.7241
1123754384.50
1123551352.624
1122713935.9879
1121986749.046
1121336221.500
1120743978.6082
1120200124.042
1119697210.4395
1119230136.6119
1118794110.5519
1118386053.1744
1118002379.798
1117641088.8968
1117300141.5399
1116978145.9087
1116673871.6658
1116386013.5595
1116113813.0807
1115856171.4576
1115611981.8711
1115380210.1032
1115159956.8189
1114950298.1729
1114751201.8313
1114562008.8828
1114381917.524
1114210447.3639
1114047093.0849
1113891435.0532
1113743293.2575
1113602119.534
1113467551.1164
1113339070.599
1113216499.9829
1113099584.7057
1112987884.3662
1112881125.8557
1112779222.464
1112681896.250
1112588932.9518
1112499896.979
1112414688.9708
1112333100.5617
1112254894.0610
1111504766.9471
1110802637.28
1110143341.4663
1109521843.474
1108934146.7370
1108377296.1367
1107848704.0463
1107346084.201
1106867299.2324
1106410489.7402
1105974121.0776
1105556779.434
1105157300.94
1104774712.1453
1104407807.9020
1104055749.9012
1103717633.3212
1103392984.2047
1103081035.087
1102781158.2477
1102492639.1647
1102214860.8165
1101947320.244
1101689479.7528
1101440852.6607
1101201093.2989
1100969846.5806
1100746678.3501
1100531146.5910
1100322920.179
1100121747.1178
1099927420.6041
1099739764.063
1099558285.0758
1099382749.9416
1099212951.0946
1099048634.6472
1098889529.119
1098735436.3955
1098586175.6986
1098441567.0359
1098301498.5286
1097668174.680
1097117798.6625
1096626294.418
1096180143.474
1095770336.7078
1095391247.3385
1095039511.1111
1094711328.5962
1094404636.006
1094117109.4406
1093847553.5108
1093593788.6741
1093354473.3592
1093128616.096
1092915189.7598
1092713344.8209
1092522256.6333
1092341351.7885
1092169698.5057
1092006710.833
1091852383.4393
1091706231.773
1091567222.0090
1091434899.4618
1091309286.2882
1091189627.9693
1091075726.4692
1090967132.6083
1090863481.1165
1090764693.1869
1090670555.953
1090580678.1968
1090494957.139
1090413054.5823
1090334697.618
1090259730.2414
1090188079.065
1090120014.242
1090054874.4914
1089992518.070
1089932796.9389
1089875617.759
1089304216.0307
1088769378.9579
1088267065.7880
1087793817.945
1087347108.5283
1086924418.0072
1086523439.0112
1086142327.6792
1085779669.429
1085434249.4175
1085104610.6264
1084789852.8936
1084489016.2447
1084201175.0221
1083925457.0225
1083661281.5176
1083407979.4521
1083164927.8174
1082931632.578
1082707456.1294
1082491953.269
1082284683.6388
1082085226.2467
1081893145.308
1081708237.741
1081530178.6604
1081358580.063
1081193225.1210
1081033792.149
1080880085.8814
1080731736.2220
1080588533.7413
1080450178.018
1080316523.7983
1080187311.9624
1080062402.6604
1079941608.4887
1079824716.8601
1079711564.4072
1079602049.0963
1079496118.7366
1079393590.9199
1078886950.4743
1078447167.6948
1078054526.5835
1077698132.181
1077370960.0607
1077068335.8898
1076786745.1585
1076523671.6300
1076277946.6197
1076047554.555
1075831383.4549
1075628482.6387
1075438079.5434
1075258671.562
1075089367.9141
1074929249.4802
1074777805.3166
1074634581.8043
1074498776.5432
1074369723.3069
1074247064.9351
1074130638.347
1074019915.6724
1073914515.6147
1073814140.570
1073718432.2565
1073627130.0714
1073540023.846
1073456871.0797
1073378324.9097
1073303970.4930
1073232969.4797
1073165140.7628
1073100279.6823
1073038252.2237
1072978906.646
1072922115.2440
1072867792.8566
1072815781.6153
1072765976.5958
1072718401.4630
1072672989.1484
1072222158.41
1071800434.4146
1071404681.3598
1071032404.0705
1070681192.5939
1070349104.749
1070034409.609
1069735709.362
1069451727.6792
1069181269.0786
1068923330.403
1068677239.08
1068442204.759
1068217571.2650
1068002685.5418
1067796915.590
1067599757.4854
1067410727.6079
1067229306.1573
1067055328.8873
1066888206.0911
1066727600.0889
1066573116.9191
1066424461.1487
1066281427.2752
1066143678.5071
1066010990.8367
1065883134.0149
1065759907.239
1065641046.1664
1065526314.0389
1065415578.6129
1065308661.4118
1065205395.9925
1065105614.9168
1065009175.0237
1064915977.6500
1064825844.6586
1064738674.1497
1064654363.2005
1064572798.2740
1064493868.2263
1064079231.5877
1063721492.3151
1063403328.6266
1063115274.205
1062851280.5142
1062608347.3496
1062382769.1561
1062172289.7570
1061975424.6072
1061791457.6343
1061618528.9285
1061455623.753
1061301888.1749
1061157270.6984
1061020853.5866
1060891669.7415
1060769206.5040
1060653121.2569
1060544094.7960
1060441070.4132
1060343521.0410
1060251180.1034
1060163412.081
1060079914.2357
1060000430.8496
1059924778.067
1059852808.6630
1059784409.1490
1059719198.7435
1059656984.1246
1059597631.4121
1059541171.2712
1059487285.5223
1059435934.6055
1059386960.0903
1059340596.0776
1059296491.2736
1059254335.3323
1059214059.598
1059175593.6791
1059138866.8362
1059103831.8640
1058742167.0179
1058404147.9353
1058087189.3608
1057789266.2498
1057508247.4180
1057242540.6676
1056991016.3462
1056752398.1715
1056525733.3206
1056310194.6391
1056104887.9704
1055909097.0295
1055722174.6863
1055543640.4763
1055372855.4001
1055209337.7404
1055052677.5756
1054902527.738
1054758523.8514
1054620257.2974
1054487463.8973
1054359897.4226
1054237234.3284
1054119238.8038
1054005673.0379
1053896382.9989
1053791109.4162
1053689685.572
1053591959.1322
1053497772.8122
1053406989.5369
1053319404.5400
1053234892.6772
1053153295.5315
1053074548.456
1052998465.0490
1052924952.5176
1052853924.6991
1052785251.8735
1052718815.5585
1052654551.0252
1052592396.6388
1052249932.6682
1051957086.9716
1051701034.9833
1051472064.5221
1051263575.5507
1051071754.8433
1050894127.6667
1050728921.206
1050574856.1041
1050430799.9467
1050296111.8696
1050170174.0545
1050051889.2854
1049940850.0673
1049836178.8318
1049737622.3208
1049644597.500
1049556555.2653
1049473226.695
1049394338.8586
1049319611.5497
1049249084.
1049182216.0521
1049118845.2325
1049058844.4878
1049001971.2802
1048947921.4989
1048896601.5827
1048847860.334
1048801572.679
1048757494.1017
1048715489.4854
1048675453.0804
1048637337.7107
1048600996.2004
1048566334.8641
1048533423.6115
1048502024.6952
1048472060.6084
1048443486.7079
1048416234.4665
1048390233.906
