6402890961.90
6333241910.902
6267982328.590
6206834091.832
6149536702.271
6095846169.446
6045533964.670
5998386041.208
5954201916.545
5912793812.815
5873985851.694
5837613300.323
5803521865.0075
5771567029.682
5741613436.297
5713534304.46
5687210887.901
5662531965.269
5639393363.350
5617697510.380
5597353017.721
5578274288.025
5560381148.240
5543598505.867
5527856027.005
5513087834.791
5499232226.956
5486231411.282
5474031257.8135
5462581066.780
5451833351.225
5441743633.406
5432270254.097
5423374193.979
5415018906.349
5407170160.427
5399795894.591
5392866078.92
5386352586.455
5380229072.576
5374470862.08
5369054843.403
3657483375.61
3324467228.4603
3243241608.056
3215717199.4771
3203054220.233
3195810783.4334
3190909033.380
3187085249.735
3183801178.074
3180804823.681
3177976582.947
3175260372.131
3172617846.8169
3170044641.0972
3167524219.8201
3165055225.7431
3162641877.608
3160277229.2572
3157959321.448
3155685367.8766
3153467073.4652
3151294971.0052
3149170238.781
3147079777.964
3145023882.1572
3143007236.238
3141028085.195
3139084681.0841
3137174390.11
3135299392.009
3133468068.652
3131675683.748
3129917936.103
3128194595.651
3126509136.3709
3124854887.223
3123233025.002
3121640142.1754
3120077504.861
3118538424.548
3117023030.4290
3115532299.572
3060140571.2661
3009493149.5861
2962844377.874
2919631964.431
2879457981.034
2842105208.4621
2807381779.4067
2775114593.8708
2745127385.18
2717327507.2976
2691580111.3574
2667753368.2534
2645697810.3864
2625262128.034
2606259907.4351
2588562099.68
2572037497.4437
2556548160.343
2541993573.261
2528281025.7363
2515332570.653
2503119427.1240
2491557484.2063
2480597586.3328
2470191096.178
2460278691.891
2450828260.0618
2441812311.906
2433186945.608
2424932660.217
2417028984.9579
2409446914.026
2402165334.721
2395176524.5026
2388454455.319
2381986322.374
2375753456.8883
2369740814.984
2363933221.8159
2358334892.808
2352925474.2529
2347698258.432
2287121900.7591
2242183795.721
2206612369.868
2177394810.641
2152567848.0545
2131135143.378
2112316112.934
2095533020.4478
2080436548.6414
2066696949.1933
2054088879.6619
2042514047.8079
2031828740.3899
2022020930.32
2012904032.4957
2004411748.3039
1996465370.036
1988998216.264
1981996933.3266
1975413272.0613
1969195200.4782
1963323894.6452
1957778799.997
1952521038.1421
1947517148.817
1942759024.668
1938191102.8255
1933813340.7267
1929643935.2553
1925658720.577
1921828028.44
1918151188.746
1914625842.9582
1911234573.5923
1907978595.5642
1904841626.2818
1901819600.7490
1898895171.3151
1896078144.9238
1893360766.894
1890720948.5645
1888164177.267
1866993086.1803
1847555997.9464
1829625793.8195
1812988255.390
1797490560.1545
1783003802.7358
1769438252.1486
1756696249.5293
1744706417.233
1733392593.459
1722697889.388
1712573523.9774
1702978223.248
1693870825.103
1685216086.3530
1676969213.8606
1669112328.6556
1661610221.2866
1654428278.5770
1647554518.7158
1640983942.494
1634691620.2111
1628662830.155
1622877100.9687
1617312009.6974
1611959972.4812
1606803719.184
1601840629.1935
1597054742.7551
1592439234.9141
1587991540.4995
1583692944.198
1579544748.489
1575533230.9772
1571649695.2827
1567885372.9680
1564238163.0693
1560700087.2806
1557265333.7029
1553926943.5029
1550686229.0904
1547535493.2767
1537485019.7255
1528490643.7673
1520286644.4142
1512678269.6741
1505587010.5057
1498945080.9186
1492698390.0514
1486815765.3748
1481283294.729
1476032983.82
1471052915.2574
1466318463.2896
1461810771.5196
1457520817.1545
1453421503.4583
1449497765.2789
1445748889.9759
1442169868.0746
1438740194.6490
1435463775.0656
1432320567.568
1429295859.022
1426379704.6191
1423576957.9543
1420882786.3824
1418281736.7495
1415768283.1947
1413338746.4374
1410991330.315
1408723400.6063
1406525327.149
1404395903.4113
1402334946.8878
1400343215.579
1398419022.690
1396560716.465
1394765448.7892
1393027016.2897
1391347625.440
1389721980.3284
1388143953.0618
1386608996.5338
1379603288.9441
1373021892.0010
1366795707.4734
1360883840.2510
1355259608.7820
1349892554.8043
1344758472.6121
1339844499.846
1335136622.7229
1330618799.541
1326279339.4359
1322100697.8798
1318077576.1913
1314201832.8370
1310468718.7670
1306866048.856
1303385908.8540
1300027429.1260
1296783257.7178
1293646153.1212
1290615098.3149
1287685397.7368
1284851048.8523
1282108253.106
1279454385.2682
1276884258.880
1274392809.3293
1271976993.7144
1269634289.8071
1267361108.955
1265153802.283
1263010414.3671
1260928825.652
1258905669.948
1256938433.465
1255024379.074
1253162108.338
1251349717.7002
1249584682.7536
1247865048.422
1246190715.025
1244561041.3941
1240705811.3069
1237190904.5794
1233927479.9186
1230859284.9877
1227961212.257
1225207887.7074
1222588178.909
1220091497.048
1217702985.6091
1215421968.3803
1213242334.2214
1211153745.0343
1209155162.3659
1207233581.7662
1205389691.0645
1203620626.1534
1201924054.7110
1200292578.504
1198725716.69
1197216805.421
1195762755.1414
1194360732.466
1193007850.4974
1191704040.5334
1190444647.8999
1189229560.2803
1188059454.3778
1186928126.9578
1185833786.6294
1184775154.6597
1183749960.3992
1182761191.974
1181808537.8305
1180884988.991
1179990585.7047
1179125296.9516
1178286865.8847
1177474480.6626
1176685292.8671
1175919244.7348
1175175822.1601
1174456993.3702
1171334766.3138
1168377180.5080
1165564287.4289
1162880170.4569
1160313645.1009
1157855464.5464
1155497349.0509
1153228031.4816
1151041482.5805
1148933460.958
1146902202.553
1144940842.7874
1143046810.773
1141217094.1815
1139450114.0061
1137739888.4399
1136083843.2282
1134480421.183
1132927565.2870
1131423251.5303
1129964048.0
1128549392.7618
1127176611.4321
1125843492.9101
1124548607.7353
1123291761.515
1122071889.1713
1120887023.7138
1119735445.6388
1118616333.1883
1117528101.6698
1116470321.7428
1115440960.6282
1114439989.835
1113465545.1085
1112516493.9671
1111592353.873
1110692041.0255
1109814953.1623
1108960020.1891
1108126141.2741
1107313354.0135
1105420565.099
1103704052.9689
1102114220.9416
1100628492.356
1099233092.911
1097915534.094
1096662853.6704
1095467400.167
1094326906.7979
1093240225.4970
1092201941.093
1091208938.4461
1090261900.8887
1089355929.5153
1088487586.370
1087655020.2267
1086858665.458
1086096841.8819
1085368514.1216
1084670823.991
1083999873.2244
1083355125.949
1082736608.5621
1082142426.7764
1081571209.6018
1081020497.9994
1080490912.2499
1079981114.530
1079490334.6507
1079017453.4019
1078561196.5802
1078122660.448
1077701817.1671
1077296666.2392
1076906035.8678
1076529429.313
1076166962.8238
1075817541.3972
1075480075.451
1075154248.8517
1074840262.0500
1074537399.096
1072879123.4069
1071303726.2446
1069801297.8729
1068367260.124
1066994215.8583
1065676655.9752
1064411705.3614
1063197105.844
1062027268.8887
1060899143.1692
1059811336.6063
1058762109.353
1057748932.7541
1056769817.0121
1055823020.9633
1054906924.7301
1054020512.9486
1053161966.493
1052330021.3692
1051523478.3207
1050741748.8855
1049983528.3076
1049248062.817
1048534423.7098
1047842093.2975
1047169656.2721
1046516084.0981
1045881469.0603
1045264377.6843
1044663531.4359
1044078558.1501
1043509270.5097
1042955442.0214
1042416322.6083
1041891713.3927
1041380981.8682
1040883693.7043
1040399286.511
1039927592.9931
1039468033.391
1039020067.8850
1038583341.7124
1037483154.297
1036498708.0982
1035599911.3780
1034766194.7580
1033986121.8405
1033252977.6941
1032560575.5655
1031904663.7053
1031281952.2182
1030691689.6016
1030129880.9665
1029595017.9802
1029087902.8382
1028604470.9454
1028142822.6966
1027701665.1303
1027280758.8150
1026878758.6527
1026494313.1192
1026126707.2904
1025774251.7484
1025435919.5976
1025111617.601
1024800440.5782
1024501495.2860
1024214435.6879
1023938820.1657
1023674212.7133
1023420538.8368
1023176646.9573
1022942073.8140
1022716486.7169
1022500012.1984
1022291546.9713
1022090789.3857
1021897405.9478
1021711108.9168
1021531645.8182
1021359198.670
1021193179.1668
1021033069.3749
1020878993.1087
1019813716.2533
1018802467.196
1017839280.4639
1016919725.0643
1016040273.723
1015197515.3222
1014389186.6225
1013612828.8006
1012867208.4315
1012149912.7838
1011458682.0215
1010792006.9457
1010148458.6683
1009526970.1650
1008926761.4771
1008346410.3449
1007785550.6339
1007242804.5444
1006717951.037
1006209513.0447
1005716645.3117
1005238511.4779
1004774573.4014
1004324324.2347
1003887209.6290
1003462895.3116
1003050674.931
1002650383.8100
1002261761.197
1001884110.5435
1001517069.8849
1001160523.1204
1000813958.7271
1000477272.9026
1000149788.4319
999830950.2037
999520576.9415
999218467.1809
998924296.1484
998637574.1478
998358181.3708
998085893.4670
997274714.3189
996553060.7722
995897542.4839
995293914.5012
994733910.6320
994210526.1048
993719049.626
993256714.0797
992819896.613
992406621.7093
992015178.8924
991643860.6219
991291816.639
990957476.4309
990639074.6569
990335574.4533
990046166.521
989770354.344
989507300.7296
989256412.7216
989016716.8203
988788033.2170
988569729.2838
988360985.9685
988161275.6991
987969913.9359
987786663.6450
987611112.1796
987442713.5154
987281126.5340
987126348.1826
986977891.1526
986835516.9424
986698966.012
986567895.8934
986441959.9527
986320942.1679
986204631.3728
986092782.8984
985985186.4556
985881680.7325
985782060.7442
984989415.0359
984236872.1037
983520421.7703
982837237.4157
982184079.5712
981558946.9503
980959719.7817
980384705.9678
979832668.706
979302266.3798
978791984.1117
978300616.9608
977827306.1990
977370753.1991
976930340.8653
976505020.692
976094035.9057
975696916.6476
975312920.3443
974941259.6005
974581475.9398
974233132.9886
973895945.6052
973569140.647
973252265.0871
972945109.2660
972647325.2047
972358359.108
972077833.4373
971805411.0196
971540830.0466
971283866.009
971034273.2051
970791723.374
970556077.8084
970327042.8207
970104336.9073
969887689.566
969676854.1926
969471711.9558
969272046.6304
969077652.2523
968410894.0358
967821198.2386
967287963.3810
966799031.7518
966346688.4185
965925760.7747
965531813.0996
965161474.2646
964812166.474
964482478.0434
964170164.8827
963873927.7391
963592567.9537
963325734.6464
963072220.2135
962830671.2348
962600293.4778
962380542.9127
962171218.8841
961971412.480
961780833.1253
961599067.3111
961425625.6658
961259784.0566
961101302.1219
960950213.8436
960805608.28
960667146.9487
960534566.0848
960407527.9175
960285791.5124
960169168.8416
960057317.3076
959950026.5054
959847215.7952
959748772.5777
959654459.1428
959564202.4077
959477835.0667
959394961.9901
959315413.9349
959239250.5377
958596762.9522
957987168.5553
957407602.720
956855595.6963
956328803.827
955825565.524
955344127.6557
954882747.27
954440157.216
954015423.0181
953607327.5548
953214974.8632
952837569.9828
952474234.2233
952124252.7394
951786815.7521
951461175.1376
951146713.186
950842943.5886
950549388.5864
950265617.4825
949991173.160
949725741.482
949468828.4621
949220126.0077
948979231.8838
948745907.9814
948519786.3870
948300536.5950
948087967.7154
947881762.6138
947681609.9510
947487339.4159
947298803.4625
947115696.0913
946937812.4699
946764994.1404
946597121.4237
946434011.5790
946275407.6576
946121184.2490
945971292.3990
945399547.8194
944896355.8114
944443800.5068
944032062.3854
943652327.7853
943299351.0704
942969529.5796
942661208.2124
942370617.2622
942096125.0754
941836816.6096
941591787.6779
941359832.4684
941139957.2531
940930874.6267
940732111.0608
940543129.8843
940363356.1249
940192860.2658
940030625.2140
939876027.7946
939728439.1205
939587854.9162
939453835.1882
939325730.9490
939203230.7109
939086036.412
938973941.4176
938866643.7982
938763931.5225
938665678.2264
938571563.8251
938481417.1372
938395192.4274
938312595.5841
938233496.6545
938157618.380
938084838.5830
938014988.7383
937947915.7114
937883547.8123
937821795.4370
937291511.4065
936788701.8471
936311372.0089
935857097.68
935424047.3306
935010559.4385
934615268.0809
934236843.5706
933874198.8121
933526369.9924
933192596.6901
932872051.7638
932564030.795
932267732.4956
931982449.7201
931707574.9933
931442589.6745
931187069.2951
930940485.6282
930702363.5289
930472307.8172
930249941.7905
930035009.2887
929827171.6932
929626118.0793
929431543.8445
929243152.2326
929060725.4846
928883877.0106
928712468.9463
928546283.0936
928385080.2954
928228809.7682
928077254.2336
927930161.2596
927787378.1962
927648770.2231
927514154.0009
927383340.077
927256210.4937
927132647.5894
927012497.2448
926527177.2713
926101822.6027
925719507.1919
925370343.8490
925049445.0035
924751110.6033
924473233.505
924212937.5579
923968109.9126
923737161.6665
923518576.1407
923311650.9981
923115162.6259
922928478.9918
922751089.4483
922582309.5349
922421621.375
922268583.9398
922122707.5127
921983587.2871
921850887.4175
921724509.8586
921603971.6304
921489166.8900
921379382.651
921274400.5403
921174508.7742
921079082.7252
920987916.2205
920900692.3787
920817124.2280
920737040.3795
920660282.266
920586694.7978
920516168.1036
920448610.7583
920383855.1575
920321765.9914
920262234.2975
920205124.4557
920150346.4334
920098100.5601
919652675.2438
919231008.626
918830897.4768
918450620.1324
918088551.6796
917743296.6752
917413698.5660
917098570.2857
916796856.300
916507790.1221
916230570.8183
915964441.4330
915708686.6302
915462893.2779
915226543.4662
914998993.5730
914779721.6333
914568388.4134
914364519.096
914167809.1123
913977991.7150
913794681.0900
913617537.3752
913446411.0595
913280989.3540
913120977.677
912966156.5528
912816307.8587
912671186.6152
912530600.6965
912394401.5631
912262487.6927
912134605.8840
912010643.6931
911890471.7467
911773904.8430
911660815.682
911551059.7249
911444458.309
911340922.3095
911240382.9228
911142883.5219
910729885.7768
910371379.1852
910050849.3640
909759242.7768
909489955.6720
909239060.4337
909004289.2715
908783784.264
908576091.6162
908379828.9160
908194125.365
908018272.7216
907851433.4869
907692879.5865
907542223.7441
907399398.4367
907263825.970
907134982.6434
907012512.5232
906895994.4901
906785016.0062
906679163.5600
906578153.2418
906482118.9010
906390490.518
906303205.33
906219960.0727
906140513.0648
906064517.477
905991966.9077
905922605.7489
905856199.2111
905792630.2880
905731777.123
905673522.1265
905617799.3780
905564387.0188
905513201.8390
905464085.7928
905417011.4547
905371836.1415
905328467.2571
