6383045438.515
6296167536.906
6216023697.628
6142089240.831
6073880371.275
6010950992.46
5952889769.059
5899317418.148
5849884211.652
5804267673.299
5762170455.088
5723318379.207
5687458632.545
5654358101.884
5623801838.82
5595591644.315
5569544763.511
5545492682.293
5523280017.593
5502763494.184
5483811001.195
5466300722.150
5450120332.799
5435166261.449
5421343006.944
5408562509.7765
5396743572.2152
5385811323.613
5375696727.381
5366336126.380
5357670823.737
5349646696.325
5342213838.365
5335326232.793
5328941448.244
5323020359.639
5317526890.55
5312427775.650
5307692341.637
5303292305.283
5299201587.180
5295396140.011
3667063162.309
3333029429.855
3243802357.670
3210464999.2462
3194043420.394
3184259576.8230
3177395205.2067
3171916158.406
3167156610.302
3162816720.947
3158726533.0154
3154813007.5763
3151030255.428
3147359159.3093
3143810808.610
3140370002.5389
3137008633.2791
3133722353.2841
3130508182.9827
3127376535.5443
3124325849.823
3121350569.2312
3118453633.3038
3115628606.4773
3112876988.7554
3110185873.484
3107554250.827
3104984058.3100
3102473611.173
3100026844.478
3097634014.7057
3095296012.2579
3093011315.107
3090780550.221
3088612569.13
3086499016.462
3084436497.8393
3082421114.5205
3080446943.7344
3078518695.5805
3076635073.280
3074788058.2504
3004809389.961
2942029933.5066
2885408395.4568
2834166948.9192
2787773168.9637
2745864554.9962
2707968277.757
2673702531.414
2642613406.2138
2614329372.3631
2588518720.463
2564913126.356
2543306770.6633
2523465548.7274
2505175640.2557
2488282614.2046
2472637184.823
2458082253.896
2444517147.9014
2431829071.3703
2419908427.342
2408671731.7681
2398068348.0454
2388042927.1903
2378552094.2999
2369534282.9982
2360944540.4300
2352745308.636
2344912109.061
2337422102.2544
2330251588.6192
2323366532.0327
2316741034.945
2310356295.522
2304198737.4624
2298257732.314
2292520464.180
2286976082.067
2281606634.9899
2276399832.0838
2271350159.772
2266447751.92
2216154657.7142
2176082793.649
2142882745.353
2114510607.1403
2090079897.6925
2068692793.981
2049674189.9900
2032636911.8658
2017124973.6086
2002928629.8789
1989978922.6455
1978100412.6248
1967103289.1313
1956958148.786
1947505363.651
1938672512.5690
1930420906.872
1922660357.0531
1915352104.9207
1908450408.360
1901901680.022
1895664362.8517
1889730458.9079
1884118505.0410
1878808581.6349
1873749740.5307
1868900949.8058
1864261599.4300
1859821492.0713
1855555379.6994
1851471357.2485
1847541952.7788
1843750254.1429
1840095140.9892
1836559920.0669
1833153292.493
1829865158.5566
1826690276.08
1823605342.4257
1820618981.466
1817710763.0058
1814880019.0201
1794142541.2466
1775111504.2880
1757513907.9198
1741187272.9760
1725947234.2580
1711703658.8215
1698357197.993
1685790664.9654
1673919496.1037
1662704219.3156
1652083824.6897
1642012882.0274
1632454293.492
1623366467.693
1614713387.8006
1606458902.619
1598585293.4754
1591067652.314
1583882085.6843
1577004653.9331
1570409724.6576
1564087318.0185
1558019600.0513
1552191723.3355
1546582860.2025
1541179594.2405
1535967806.5480
1530937271.8631
1526077618.349
1521380699.965
1516836971.948
1512440062.7281
1508180857.357
1504050627.3805
1500046585.9126
1496157936.7410
1492377077.9447
1488703764.233
1485136114.2163
1481669919.1847
1478301178.5691
1475026997.6998
1465924994.3761
1457815263.7538
1450359286.334
1443395334.9606
1436849900.6068
1430682000.5615
1424831818.8576
1419266378.8792
1413963049.1569
1408928303.7432
1404117998.7228
1399535652.0067
1395151105.8914
1390952926.2853
1386937254.7133
1383091690.7690
1379392525.662
1375865911.7362
1372490028.9654
1369241104.9593
1366111509.2714
1363100305.5774
1360195225.6287
1357393741.7405
1354695907.2513
1352088201.976
1349570789.7619
1347132376.1490
1344777480.2653
1342500318.829
1340291847.391
1338156937.4327
1336082846.6230
1334074907.0371
1332125007.4708
1330236804.9470
1328403719.048
1326625948.9868
1324901963.0883
1323230507.323
1321609150.2742
1320032653.8882
1313479672.9229
1307285327.7130
1301408244.3993
1295809749.9462
1290471645.783
1285362783.0505
1280461871.48
1275748627.4127
1271212597.4535
1266844617.8030
1262632337.873
1258567199.573
1254642738.5254
1250849742.271
1247180904.982
1243630151.25
1240193865.9199
1236863780.4124
1233633342.8674
1230502514.8531
1227465533.356
1224516488.2085
1221653887.848
1218872737.6457
1216168318.1583
1213539780.7392
1210981236.2654
1208489947.3014
1206065932.7798
1203708200.8446
1201413050.05
1199179943.5327
1197005024.658
1194885538.4485
1192818939.6849
1190806276.245
1188845550.5596
1186931690.3681
1185064542.3738
1183243120.2956
1181464701.2625
1179729427.4718
1176154522.2401
1172886021.8519
1169848275.3732
1166980839.5763
1164252631.7230
1161654542.1475
1159173922.8534
1156792475.5617
1154507626.9352
1152314427.1550
1150202682.7048
1148170196.106
1146218248.9321
1144340087.3250
1142529413.5042
1140780907.2028
1139092744.5844
1137466545.0245
1135893286.9341
1134368832.0903
1132898778.810
1131478298.6705
1130101321.343
1128768481.7870
1127477113.1186
1126228236.3275
1125015571.0287
1123841951.8886
1122708213.7720
1121610569.6878
1120547211.9113
1119515036.1278
1118513306.7
1117539770.8874
1116593365.7900
1115672879.1656
1114778708.8466
1113911726.5488
1113069003.0523
1112251353.2496
1111454088.7060
1110679814.7610
1107595553.6942
1104661155.3730
1101856978.9819
1099168425.6583
1096583035.898
1094094778.1356
1091696349.0183
1089381687.633
1087142169.3312
1084972969.9640
1082873456.9388
1080837948.9118
1078863057.5957
1076945422.3035
1075084872.2510
1073280155.6240
1071525586.9686
1069820672.4312
1068162904.6598
1066550246.3630
1064979443.4840
1063449112.2835
1061959180.3793
1060507210.6708
1059092738.962
1057713635.0717
1056368315.069
1055056154.8091
1053776486.8693
1052527792.3214
1051309185.5246
1050119701.9869
1048958752.7207
1047825079.2956
1046716756.8694
1045634069.1769
1044575733.1494
1043540373.7028
1042527453.7378
1041537187.8520
1040568955.783
1039622511.9108
1037803864.6824
1036120450.9962
1034540441.5836
1033044414.6323
1031622051.4278
1030262644.7004
1028961415.3995
1027711310.0358
1026510150.0559
1025355865.1245
1024246546.9015
1023176995.9409
1022144979.4464
1021152511.489
1020198772.0158
1019276649.0973
1018385396.519
1017526216.2452
1016698786.1118
1015900588.2591
1015129587.0833
1014384277.619
1013662291.5198
1012964010.1390
1012289290.7281
1011637345.3331
1011005930.2953
1010394226.2032
1009801280.8907
1009227685.8766
1008671507.1556
1008131233.7282
1007608008.1054
1007101556.7108
1006610161.663
1006133476.4432
1005670382.455
1005220026.76724
1004781834.21300
1004355179.03516
1003940797.10512
1003537371.36624
1001779539.76204
1000102847.22936
998498576.79645
996960207.18050
995481283.93293
994056226.08233
992680587.17627
991351478.6993
990065820.364
988820742.2920
987614250.723
986444344.0453
985309034.1115
984206840.9442
983137027.6916
982097972.3193
981088378.2633
980106848.6060
979151419.415
978221768.246
977316584.8789
976434796.717
975576100.4943
974739477.6026
973924753.4446
973130211.7275
972355163.1637
971599717.0662
970863149.8496
970145028.2394
969444290.3166
968759877.539
968091923.6262
967439693.8928
966802663.4135
966179953.1053
965571434.4042
964976873.1441
964395812.9461
963827647.2224
963271823.1050
962728034.2422041
961627501.9629
960614144.1215
959667730.3879
958773249.583
957924294.9464
957116623.3719
956344519.0416
955605683.2727
954897923.7044
954218744.9791
953566993.4016
952942195.9852
952340706.1122
951762142.9272
951206137.4928
950672538.9205
950159697.9491
949665251.1169
949188114.7977
948728122.846
948283680.7460
947854356.1154
947439796.7775
947039231.1165
946651862.6608
946276735.6078
945913576.8845
945562210.6666
945222124.9814
944893660.9855
944575781.9741
944267505.6139
943968619.3003
943679203.6688
943398902.9415
943127518.8078
942864533.458
942609613.7735
942362385.9450
942123424.9330
941891719.7023
941667436.5592657
940552631.9675
939489418.1476
938471317.9898
937494367.4302
936555428.4946
935651694.8009
934780180.7258
933938859.6015
933125711.1172
932339861.8545
931578854.4571
930841617.6301
930127228.3215
929434040.0018
928761047.2532
928107383.232
927472437.4038
926855283.1293
926255342.4845
925671890.0159
925104586.6294
924552547.0914
924015378.0927
923492426.6654
922983226.5693
922487261.6606
922004169.0821
921533256.8681
921074118.8692
920626719.4460
920190535.5776
919764952.6418
919349494.8646
918943885.1961
918547910.7500
918161149.4961
917783533.9837
917414810.6324
917054560.6114
916702468.5281
916358345.3214
916021900.7696522
915244767.1673
914536136.1441
913878741.325
913261234.2040
912677734.8291
912124252.1577
911596937.3596
911093898.4896
910613018.3295
910152248.9850
909710084.9311
909286087.2905
908879104.6526
908488290.0288
908112439.534
907750543.0740
907402465.3225
907067777.0013
906745132.425
906433902.5260
906133616.7595
905844409.8400
905565697.1705
905296888.826
905037309.880
904786830.0248
904545254.3862
904312151.7785
904086865.7445
903869063.0894
903658537.0104
903455133.324
903259004.6218
903069248.872
902885512.6826
902707637.5964
902535560.1075
902369231.5643
902208192.2181
902052183.2909
901900998.8835
901754533.7691863
900950905.1280
900184378.949
899451678.0466
898749866.4752
898076016.2266
897428236.6933
896804670.0364
896203546.1560
895623679.044
895063579.1758
894522574.4640
893999294.2839
893492959.3588
893002790.5480
892528261.7525
892068307.6448
891622242.172
891189568.4895
890769633.2365
890362245.9420
889966791.005
889582386.7239
889208742.5527
888845440.1714
888492159.4182
888148465.7044
887813672.5919
887487957.075
887170776.7270
886861884.2141
886560919.7107
886267601.4199
885981671.6161
885702982.0454
885431334.438
885166363.7781
884907757.0406
884655408.0220
884409114.0052
884168601.1499
883933773.3676
883704447.183039
883075461.9490
882507189.1531
881983561.567
881494370.3054
881033234.4539
880596818.2535
880182184.5494
879787744.558
879411249.2712
879051280.3835
878706878.665
878376662.1554
878059880.412
877756454.3987
877465281.8703
877185842.4490
876917482.7826
876659435.0278
876411111.0162
876172231.6915
875942375.4926
875720899.4377
875507457.1325
875301993.3720
875104028.664
874913224.8253
874729380.468
874552124.5675
874381201.1035
874216293.9725
874057247.9717
873903933.554
873755854.2255
873612805.5218
873474739.7897
873341460.8090
873212696.3326
873088280.3606
872968022.2264
872851822.2063
872739618.7486
872631140.2364365
871995909.9172
871390979.0680
870813841.0884
870262028.1385
869733674.5902
869226742.2612
868740029.8677
868272314.9435
867822123.5672
867388358.6260
866969890.3607
866566030.4332
866176139.6666
865799357.1771
865435064.6606
865082758.2564
864741752.1123
864411486.8644
864091449.3842
863781140.868
863480179.3051
863188140.2566
862904550.5988
862629071.1424
862361529.8818
862101577.9917
861848850.7880
861603171.9244
861364239.8338
861131860.1153
860905759.6023
860685738.0752
860471602.4116
860263013.5633
860059874.6242
859861938.8654
859669058.8361
859480960.8264
859297583.3904
859118719.946
858944164.3110
858773828.7809964
858231607.6649
857744166.351
857296804.3549
856880985.9481
856491732.6182
856124498.2798
855776914.55
855446987.26
855132515.4154
854832877.1562
854546545.5415
854272352.3189
854009703.8601
853758249.1196
853516960.855
853285770.2644
853064115.0775
852851276.4599
852646998.1986
852450715.1605
852262393.0118
852081885.718
851908506.039
851741660.726
851581024.7255
851426231.6532
851277045.6867
851133399.4645
850995257.2456
850862066.1298
850733569.2904
850609567.1266
850489993.6332
850374819.3977
850263994.2895
850157143.4525
850053993.1149
849954305.8489
849858065.2756
849765121.371
849675404.017
849588776.9830558
849059112.5187
848556404.1412
848077986.7975
847621766.180
847185955.1188
846768985.2481
846369369.7802051
845986026.7110
845617916.5143
845264095.58
844923484.4872
844595212.3471
844278652.9169
843973166.9555
843678183.4137
843393214.2437
843117824.5366
842851535.282
842593874.3528
842344381.9085
842102752.4966
841868669.2689
841641734.3716
841421612.3334
841208030.5361
841000746.0398
840799480.5967
840604042.075
840414109.4584
840229489.0876
840049958.473
839875275.1246
839705338.8617
839540027.4549
839379063.8819
839222347.6233
839069763.4432
838921127.3754
838776288.9170
838635125.5359
838497537.631
838363402.0290489
837887322.4973
837462797.6347
837075075.094
836716040.0245
836380614.8511
836065864.800
835768389.0695
835488127.3066
835222615.0813
834970304.7284
834729615.4706
834499456.2684
834279584.1766
834069475.7080
833868412.9360
833675856.7971
833491224.5615
833314160.7281
833144116.8699
832980726.2128
832823658.2962
832672633.7135
832527477.1898
832388223.2126
832254603.2051
832126121.461
832002495.5800
831883834.435
831769700.9226
831659720.73
831553725.3376
831451638.6573
831353301.2578
831258584.5859
831167269.847
831079143.1535
830994279.3961
830912493.240
830833673.343
830757605.3364
830684245.84
830613439.7764496
830162369.4777
829735728.951
829330795.5583
828945569.6590
828578391.3247
828227774.6167
827892437.4394
827571227.7853
827263099.8665
826967236.2412
826682842.4638
826409285.9893
826145839.7205
825891934.7091
825647086.4047
825410813.1094
825182583.0580
824961996.1848
824748718.3714
824542383.3875
824342700.9565
824149338.8232
823961950.9410
823780302.5976
823604158.711
823433331.9769
823267549.0147
823106622.6393
822950346.3347
822798529.163
822650984.031
822507589.2412
822368164.3634
822232548.716
822100644.7746
821972292.7363
821847371.5335
821725728.8425
821607276.2955
821491923.9591
821379536.5406
821270035.5374441
820854686.7621
820483846.9020
820146453.0337
819834488.4298
819543228.9550
819269424.0146
819010740.5763
818765623.4103
818532737.950
818310959.5759
818099544.7276
817897720.7557
817704894.6041
817520752.8962
817344867.3425
817176886.5269
817016139.0771
816861975.6985
816714019.2491
816572127.3307
816436554.6188
816306481.3479
816181651.725
816061837.7809
815946808.1929
815836166.8982
815729747.2242
815627342.0404
815528716.8292
815433702.9193
815342188.7027
815254087.858
815169342.8826
815088084.9503
815009915.9257
814934633.2762
814862146.3775
814792272.9190
814724885.8041
814659865.3918
814597209.7424
814536867.6182
