Sahrpe
0.10389363299298258 1
0.1548358699380789 2
0.15483586993807902 3
0.15483586993807902 4
0.15483586993807913 5
0.15483586993807913 6
0.15483586993807913 7
0.15527409229252775 8
0.16709451777782464 9
0.16709451777782464 10
0.16709451777782466 11
0.1721366957948614 12
0.17213669579486143 13
0.17214378574792047 14
0.17214378574792047 15

U
0.13871405582596531
0.152474707160825732
0.152474707160825733
0.186384325142594374
0.18638432514259565
0.186384325142597066
0.186384325142597067
0.186384325142597068
0.191170550202321279
0.21704532160440810
0.21704532160440811
0.217045321604408412
0.2212209733189828613
0.2212209733189835214
0.2212209733189835215

R
0.09688502111354505 1
0.11277970719523667 2
0.12228814330297293 3
0.12603651032959234 4
0.15632889027158076 5
0.1651830764831181 6
0.17183553159405554 7
0.17385447691977726 8
0.1815418925556872 9
0.19843247565568423 10
0.2024562183148614 11
0.23335967677613165 12
0.23335967677613212 13
0.2742822024313876 14
0.2742822024313876 15

V
0.3666
0.3666
0.3666
0.3666
0.3666
0.3666
0.3666
0.3666
0.3666
0.3666
0.3641
0.3485
0.3485
0.3485
0.3468
