1 677.0
2 24.0
3 20.0
4 19.0
5 19.0
6 17.0
7 17.0
8 18.0
9 17.0
10 16.0
11 17.0
12 16.0
13 17.0
14 16.0
15 17.0
16 16.0
17 17.0
18 16.0
19 15.0
20 15.0
21 14.999956174570904
22 15.0
23 14.0
24 15.0
25 13.0
26 13.0
27 12.0
28 13.0
29 12.0
30 12.0
31 13.0
32 12.0
33 12.0
34 11.0
35 11.0
36 11.0
37 11.0
38 12.0
39 11.0
40 11.0
41 11.0
42 11.0
43 11.0
44 9.0
45 9.0
46 9.0
47 9.0
48 9.0
49 9.0
50 9.0
51 9.0
52 9.0
53 9.0
54 9.0
55 9.0
56 9.0
57 9.0
58 9.0
59 9.0
60 9.0
61 10.0
62 9.0
63 9.0
64 9.0
65 9.0
66 9.0
67 9.0
68 9.0
69 11.0
70 9.0
71 10.0
72 9.0
73 9.0
74 10.0
75 9.0
76 10.0
77 10.0
78 9.0
79 10.0
80 9.0
81 9.0
82 11.0
83 9.0
84 9.0
85 9.0
86 9.0
87 10.0
88 9.0
89 8.0
90 8.0
91 8.0
92 9.0
93 8.0
94 8.0
95 9.0
96 8.0
97 8.0
98 8.0
99 9.0
100 8.0
101 8.0
102 10.0
103 8.0
104 8.0
105 8.0
106 10.0
107 8.0
108 8.0
109 9.0
110 8.0
111 8.0
112 9.0
113 8.0
114 8.0
115 9.0
116 7.0
117 8.0
118 7.0
119 9.0
120 8.0
121 7.0
122 7.0
123 7.0
124 8.0
125 7.0
126 8.0
127 8.0
128 7.0
129 8.0
130 7.0
131 8.0
132 9.0
133 9.0
134 7.0
135 8.0
136 7.0
137 8.0
138 8.0
139 8.0
140 7.0
141 8.0
142 7.0
143 8.0
144 8.0
145 8.0
146 11.0
147 7.0
148 8.0
149 8.0
150 7.0
151 10.0
152 7.0
153 9.0
154 8.0
155 9.0
156 8.0
157 8.0
158 8.0
159 9.0
160 9.0
161 7.0
162 8.0
163 8.0
164 8.0
165 7.0
166 7.0
167 9.0
168 7.0
169 8.0
170 8.0
171 9.0
172 8.0
173 9.0
174 8.0
175 10.0
176 7.0
177 8.0
178 9.0
179 8.0
180 10.0
181 7.0
182 9.0
183 8.0
184 8.0
185 9.0
186 8.0
187 9.0
188 8.0
189 9.0
190 8.0
191 8.0
192 9.0
193 8.0
194 7.0
195 9.0
196 8.0
197 9.0
198 10.0
199 8.99999999999148
200 8.998812344990267
201 9.0
202 7.0
203 10.0000000009038
204 7.0
205 9.0
206 8.999999999996772
207 7.0
208 7.0
209 8.0
210 9.0
211 9.0
212 9.0
213 7.0
214 10.0
215 6.0
216 11.0
217 6.0
218 7.0
219 9.0
220 7.0
221 7.0
222 8.0
223 9.0
224 8.0
225 8.0
226 7.0
227 7.0
228 8.0
229 8.0
230 9.0
231 6.0
232 8.0
233 9.0
234 9.0
235 8.0
236 10.0
237 7.0
238 8.0
239 7.0
240 8.0
241 8.0
242 9.0
243 9.0
244 10.0
245 6.0
246 10.0
247 7.0
248 8.0
249 8.0
250 9.0
251 8.0
252 10.0
253 8.0
254 8.0
255 7.0
256 7.0
257 10.0
258 8.0
259 9.0
260 8.0
261 8.0
262 8.0
263 9.0
264 8.0
265 10.0
266 7.0
267 8.0
268 8.0
269 9.0
270 7.0
271 8.0
272 8.0
273 8.0
274 8.0
275 8.0
276 8.0
277 8.0
278 8.0
279 10.0
280 7.0
281 8.0
282 9.0
283 9.0
284 9.0
285 8.0
286 6.0
287 9.0
288 8.0
289 9.0
290 8.0
291 7.0
292 8.0
293 9.0
294 7.0
295 12.0
296 7.0
297 10.0
298 9.0
299 10.0
300 10.0
301 9.0