1 760.0
2 39.0
3 34.0
4 30.0
5 29.0
6 28.0
7 27.0
8 26.0
9 25.0
10 26.0
11 24.0
12 25.0
13 26.0
14 24.0
15 22.0
16 20.0
17 20.0
18 19.0
19 19.0
20 18.0
21 18.0
22 18.0
23 18.0
24 18.0
25 18.0
26 18.0
27 18.0
28 18.0
29 18.0
30 17.0
31 17.0
32 16.0
33 16.0
34 16.0
35 16.0
36 15.0
37 15.0
38 16.0
39 15.0
40 16.0
41 15.0
42 16.0
43 16.0
44 16.0
45 17.0
46 16.0
47 17.0
48 16.0
49 16.0
50 16.68982988425207
51 16.0
52 17.0
53 16.0
54 16.0
55 16.0
56 17.0
57 15.0
58 16.0
59 15.0
60 16.0
61 16.0
62 16.0
63 14.0
64 13.0
65 15.0
66 14.0
67 14.0
68 13.0
69 15.0
70 12.0
71 13.0
72 12.0
73 12.0
74 13.0
75 12.0
76 12.0
77 12.0
78 12.0
79 12.0
80 11.0
81 13.0
82 12.0
83 12.0
84 12.0
85 13.0
86 12.0
87 13.0
88 11.0
89 13.0
90 13.0
91 13.0
92 11.0
93 12.0
94 12.0
95 13.0
96 11.0
97 13.0
98 12.0
99 12.0
100 12.0
101 12.0
102 12.0
103 12.0
104 10.0
105 13.0
106 11.0
107 13.0
108 10.0
109 14.0
110 10.0
111 13.0
112 11.0
113 12.0
114 11.0
115 13.0
116 10.0
117 14.0
118 10.0
119 13.0
120 11.0
121 13.0
122 10.0
123 14.0
124 11.0
125 14.0
126 12.0
127 14.0
128 13.0
129 14.0
130 13.0
131 13.0
132 13.0
133 14.0
134 13.0
135 14.0
136 13.0
137 13.0
138 13.0
139 13.0
140 15.0
141 14.0
142 14.0
143 15.0
144 14.0
145 15.0
146 14.0
147 14.0
148 14.0
149 16.0
150 13.0
151 15.0
152 15.0
153 14.0
154 15.0
155 14.0
156 14.0
157 16.0
158 14.0
159 15.0
160 14.0
161 15.0
162 13.0
163 15.0
164 14.0
165 16.0
166 14.0
167 15.0
168 14.0
169 13.0
170 15.0
171 14.0
172 15.0
173 14.0
174 15.0
175 12.0
176 14.0
177 14.0
178 14.0
179 12.0
180 16.0
181 13.0
182 13.0
183 14.0
184 14.0
185 14.0
186 14.0
187 14.0
188 14.0
189 13.0
190 14.0
191 15.0
192 13.0
193 15.0
194 14.0
195 14.0
196 15.0
197 14.0
198 15.0
199 14.0
200 14.0
201 15.0
202 15.0
203 14.0
204 14.0
205 15.0
206 14.0
207 14.0
208 16.0
209 14.0
210 15.0
211 14.0
212 15.0
213 13.0
214 16.0
215 13.0
216 15.0
217 15.0
218 14.0
219 15.0
220 14.0
221 17.0
222 12.0
223 15.0
224 14.0
225 16.0
226 14.0
227 14.0
228 14.0
229 16.0
230 14.0
231 16.0
232 14.0
233 15.0
234 14.0
235 15.0
236 14.0
237 14.0
238 14.0
239 16.0
240 13.0
241 16.0
242 13.0
243 14.0
244 15.0
245 15.0
246 12.0
247 18.0
248 14.0
249 14.0
250 14.0
251 15.0
252 13.0
253 13.0
254 14.0
255 17.0
256 13.0
257 13.0
258 14.0
259 14.0
260 14.0
261 14.0
262 14.0
263 15.0
264 13.0
265 14.0
266 16.0
267 13.0
268 15.0
269 15.0
270 13.0
271 13.0
272 14.0
273 15.0
274 15.0
275 14.0
276 15.0
277 13.0
278 13.0
279 15.0
280 14.0
281 15.0
282 15.0
283 14.0
284 13.0
285 17.0
286 14.0
287 13.0
288 18.0
289 14.0
290 13.0
291 17.0
292 14.0
293 12.0
294 13.0
295 14.0
296 13.0
297 13.0
298 14.0
299 13.0
300 12.0
301 16.0