1 512.0361942486378
2 30.972748455087896
3 25.761892375363104
4 24.428832658251938
5 22.327279472476544
6 21.535737959055446
7 21.264902193439543
8 21.267684008079495
9 20.968843900888807
10 19.911286467612996
11 19.398132503660374
12 19.17686701072361
13 18.878956772303678
14 18.16880629380243
15 17.618444335886508
16 17.128675181066882
17 16.571483361192463
18 16.015551650978228
19 15.50069855414667
20 14.898151310202993
21 14.40090199274391
22 13.980998281552083
23 13.58536629291295
24 13.353969667051501
25 13.252731100165226
26 13.18947155541143
27 13.082557504121734
28 12.87598513065761
29 12.653532112436482
30 12.51798035113954
31 12.446720651916571
32 12.399755535967135
33 12.357118647628583
34 12.309035546805935
35 12.24943685464276
36 12.173939234569172
37 12.079846450370344
38 11.96691817195025
39 11.837803957829633
40 11.697037116244273
41 11.547931344198089
42 11.386469161504365
43 11.188503065661829
44 10.89242198561024
45 10.45276472796411
46 10.005486586283043
47 9.697912563842479
48 9.52148394229631
49 9.438210966868024
50 9.40984367113835
51 9.40757249529184
52 9.41562105229586
53 9.426446278529959
54 9.436717219938418
55 9.445165021306437
56 9.451496340053264
57 9.455849085384882
58 9.458524357554372
59 9.45985855321691
60 9.460166037172145
61 9.459716903495071
62 9.458731775812975
63 9.457384469171934
64 9.455807865437572
65 9.454100681776927
66 9.45233401649001
67 9.450557182143
68 9.44880265884182
69 9.447090162790914
70 9.445429901480273
71 9.443825116625947
72 9.442274020787174
73 9.440771224923187
74 9.439308737910752
75 9.437876597551316
76 9.436463165566556
77 9.43505508377255
78 9.43363683948075
79 9.432189816050647
80 9.43069059571913
81 9.429108117448111
82 9.427399049147914
83 9.425500387345146
84 9.423317834505024
85 9.420707944134868
86 9.417451462306516
87 9.413214982470437
88 9.407498514120745
89 9.399568916970066
90 9.388385281505148
91 9.372535132650386
92 9.350222632218387
93 9.319379945036141
94 9.277993075139625
95 9.224697214975219
96 9.159542137002257
97 9.084569917883801
98 9.00370668167395
99 8.921769133993473
100 8.843049383988108
101 8.770305872788063
102 8.704615044235327
103 8.6458733727657
104 8.593446458810757
105 8.546616376240614
106 8.504754952261198
107 8.46731639691218
108 8.433771126819643
109 8.403558689221132
110 8.376084180819976
111 8.350749710816293
112 8.327002359884565
113 8.30438259427875
114 8.282562660099543
115 8.261368754051942
116 8.240783535621809
117 8.220928146830522
118 8.202026234478234
119 8.184356155357499
120 8.16820023055935
121 8.15380026443773
122 8.141326240409814
123 8.130861113729097
124 8.122400567956253
125 8.115863834260228
126 8.11111068523454
127 8.107960198198247
128 8.106208149198729
129 8.105641302454439
130 8.106048006269946
131 8.107225259176587
132 8.108982800352873
133 8.111144907138721
134 8.113550555632575
135 8.116052500034465
136 8.11851570526381
137 8.12081545395803
138 8.122835355484423
139 8.124465413868206
140 8.1256002616657
141 8.126137634070085
142 8.125977137864155
143 8.125019359460827
144 8.123165351895771
145 8.120316539359596
146 8.116375077046538
147 8.111244701243184
148 8.10483209721558
149 8.09704879817219
150 8.087813605195755
151 8.07705548390954
152 8.064716848175605
153 8.05075708541609
154 8.035156115687638
155 8.017917713859179
156 7.999072270656551
157 7.978678635928115
158 7.956824689057054
159 7.933626327871175
160 7.909224664119022
161 7.883781357189292
162 7.857472194024555
163 7.830479207823521
164 7.802981790980053
165 7.775147369865119
166 7.747122250930331
167 7.719023215112606
168 7.69093034391923
169 7.662881433105403
170 7.634868222210048
171 7.606834571491364
172 7.57867667265518
173 7.550245391364909
174 7.521350895455275
175 7.491769793119613
176 7.461255044258058
177 7.429548857730925
178 7.396398586027898
179 7.3615752287041785
180 7.324893548942061
181 7.286232059228686
182 7.245550406466634
183 7.202901239857329
184 7.158433762150456
185 7.1123870414011225
186 7.065072764414371
187 7.0168491139954785
188 6.968089288739999
189 6.919149276105599
190 6.870339493791939
191 6.8219038777685865
192 6.774008312632202
193 6.726738513704221
194 6.6801060383266595
195 6.634060259216199
196 6.588503875374343
197 6.543309716073302
198 6.498337016259112
199 6.453445843669918
200 6.408508837229769
201 6.363419829010132
202 6.318099261898622
203 6.272496590885153
204 6.226590075551875
205 6.180384534864173
206 6.133907735039169
207 6.087206107202007
208 6.040340438456502
209 5.993382052797754
210 5.946409814328529
211 5.899508072810891
212 5.852765465301675
213 5.806274321931694
214 5.7601303262213905
215 5.714432065231242
216 5.669280170388463
217 5.6247758773576475
218 5.581018991248342
219 5.538105394721929
220 5.496124348013507
221 5.455155880636287
222 5.415268560516019
223 5.376517859425056
224 5.338945236220486
225 5.302577956596104
226 5.267429580579384
227 5.233500989170093
228 5.200781792604578
229 5.169251960956747
230 5.138883535473439
231 5.109642307603922
232 5.081489384706764
233 5.054382591630098
234 5.028277682747959
235 5.003129358427084
236 4.978892093395454
237 4.955520792892624
238 4.932971296896553
239 4.911200754240943
240 4.8901678880224395
241 4.869833172110894
242 4.850158936379856
243 4.831109415856762
244 4.812650756600288
245 4.79475098889226
246 4.777379976355598
247 4.760509347904057
248 4.744112417990547
249 4.728164099427646
250 4.712640812079239
251 4.697520389935106
252 4.682781988450943
253 4.668405993537406
254 4.654373933189891
255 4.640668392444585
256 4.627272932109251
257 4.614172011535347
258 4.601350915559051
259 4.588795685634417
260 4.5764930551039535
261 4.56443038849502
262 4.552595624689756
263 4.540977223788138
264 4.529564117465281
265 4.518345662613334
266 4.50731159805303
267 4.496452004099131
268 4.4857572647666455
269 4.475218032409705
270 4.4648251945919
271 4.454569842995495
272 4.444443244186403
273 4.4344368120621365
274 4.4245420818215
275 4.414750685305954
276 4.405054327575376
277 4.395444764593687
278 4.385913781912899
279 4.376453174258536
280 4.3670547259340395
281 4.357710191976754
282 4.348411280015154
283 4.339149632793734
284 4.329916811350563
285 4.320704278852225
286 4.311503385111566
287 4.302305351836065
288 4.293101258678224
289 4.283882030184417
290 4.274638423765105
291 4.265361018836948
292 4.256040207316021
293 4.246666185670948
294 4.237228948774531
295 4.227718285822417
296 4.218123778616237
297 4.208434802536432
298 4.198640530554889
299 4.188729940659265
300 4.1786918270775875
301 4.1685148157023155