1 659.927548387495
2 23.993743043592005
3 19.40602282445931
4 19.00014624185277
5 18.754711211950266
6 17.00089481868756
7 17.037692780055146
8 17.121069488376143
9 17.100515388288617
10 16.106329387565246
11 16.34183155603568
12 16.234209791867094
13 16.275583887602473
14 16.25816812466297
15 16.26525644222225
16 16.262208255986337
17 16.254835675845417
18 15.859433280196866
19 14.879224332670951
20 15.675809193057892
21 14.547994478070141
22 13.365694647767555
23 13.857989335609766
24 14.141979609486276
25 13.856689014656558
26 12.151925380265414
27 12.155055540763405
28 12.155661730765226
29 12.156152424079227
30 12.15622486111106
31 12.156250215769617
32 12.04108730440192
33 11.102221072393737
34 11.032014580083462
35 11.034382802323554
36 11.034368024714306
37 11.034327577935455
38 11.034295585924635
39 11.034008112470275
40 11.030348668349923
41 10.985526296815078
42 10.638920585785492
43 10.178816730315159
44 9.869950578202289
45 9.09304612319779
46 9.019795515532131
47 9.006935035383329
48 9.003508543853712
49 9.00242648293101
50 9.002314902121434
51 9.002773381906866
52 9.0035627030288
53 9.00444888888827
54 9.00524761170496
55 9.00587534890872
56 9.00633341895409
57 9.006663374420674
58 9.006919265464145
59 9.00716932253312
60 9.007533086378935
61 9.008278143203714
62 9.010008084565996
63 9.013868442759396
64 9.021364630690712
65 9.033284707525329
66 9.04843964687669
67 9.064027155430745
68 9.077383563245974
69 9.087064092756695
70 9.09269419103487
71 9.094396402689894
72 9.092365700624573
73 9.08669693860119
74 9.077405525924274
75 9.064572055375917
76 9.048537963356516
77 9.030049974805806
78 9.010242103351427
79 8.990419964056152
80 8.971750484496502
81 8.955029473603297
82 8.940623535281706
83 8.92855355245201
84 8.918628795789314
85 8.910563302919796
86 8.904025634344602
87 8.89752536814219
88 8.841362528541868
89 8.158816670559805
90 7.806861605068339
91 7.68744493318236
92 7.6512435256591536
93 7.635804874334666
94 7.631366406050824
95 7.634043417473773
96 7.645300821884089
97 7.665503822350148
98 7.689796422236299
99 7.71162356268683
100 7.728679018370476
101 7.741578029607434
102 7.75134165586636
103 7.7587686524123125
104 7.764431321353165
105 7.768749215593907
106 7.772038350748252
107 7.774540448345789
108 7.776441141207301
109 7.777880158905328
110 7.778922291507902
111 7.779016067097334
112 7.76931584585686
113 7.641518709529455
114 7.059134035668676
115 6.7936814626001425
116 6.806920099411023
117 6.848674940287543
118 6.883888828942351
119 6.910973761228605
120 6.93178681778482
121 6.9490313291690935
122 6.967227802419994
123 6.993880358838451
124 7.032008675608616
125 7.073322698168104
126 7.109278451762096
127 7.1376991362945015
128 7.1595526920280586
129 7.176305366377147
130 7.1891923804497075
131 7.199145976073299
132 7.206860974953756
133 7.212856339009842
134 7.217524387074433
135 7.2211623088434616
136 7.223994396564317
137 7.226180640293376
138 7.2278054999068715
139 7.228818741616598
140 7.22891367011978
141 7.227819983735688
142 7.229227293945954
143 7.248195402694825
144 7.291237794431387
145 7.341099343313546
146 7.383945059131938
147 7.41646400574237
148 7.439474302866024
149 7.455138512038738
150 7.465560645025728
151 7.4724479911288615
152 7.476829478348139
153 7.47787674410096
154 7.462075973051299
155 7.333972444986975
156 6.944448173155155
157 6.7216848300393295
158 6.6429472376575465
159 6.620057082590588
160 6.625431381145491
161 6.712951235102143
162 6.863172072604823
163 6.973916672068947
164 7.044098252152775
165 7.090405093103154
166 7.122936200680495
167 7.147084519488543
168 7.165766864528155
169 7.180654835711835
170 7.192766199399161
171 7.202765224185409
172 7.211108945086091
173 7.218127874606825
174 7.224069088052205
175 7.229122926099725
176 7.2334389524806175
177 7.237136855235702
178 7.240313632310724
179 7.243048829195555
180 7.2454082764108545
181 7.247447051632112
182 7.24921235276848
183 7.250749262021382
184 7.252127332577493
185 7.253671242156103
186 7.258771026711678
187 7.287636600990073
188 7.33580696395099
189 7.363353208574007
190 7.3803631725901395
191 7.393128236197526
192 7.403983312773365
193 7.41359645042587
194 7.422165324737983
195 7.429642740819833
196 7.435633903908573
197 7.438420214992076
198 7.432771147423367
199 7.399621679113084
200 7.320257918492438
201 7.24173570244892
202 7.170063033554631
203 7.118795661098425
204 7.076017465672385
205 7.051084095626957
206 7.027898580901724
207 7.017724277941948
208 7.004633716648192
209 7.001682090004037
210 6.993447332072313
211 6.993888203262994
212 6.9877746916622545
213 6.980657787958561
214 6.626700944279931
215 5.957001454427414
216 5.980171481846652
217 5.975783115707405
218 5.979921017600061
219 5.998029433155355
220 5.985742175276159
221 6.004940275239052
222 5.988728002071233
223 6.013215276336448
224 6.057387867426992
225 6.325323072047036
226 6.514234341543873
227 6.620291092181273
228 6.669115036375821
229 6.716954946453668
230 6.737945731668251
231 6.766683571629069
232 6.776486925171578
233 6.79534864196575
234 6.799310945499706
235 6.812490846389563
236 6.8131935062411255
237 6.822948141755488
238 6.821790671620817
239 6.829399726041834
240 6.8271763455961025
241 6.833388753372189
242 6.830562093598314
243 6.835825724640569
244 6.8326682202849724
245 6.837253147030443
246 6.8339230149521875
247 6.837989339599673
248 6.834572171628404
249 6.83820747966435
250 6.834738628328468
251 6.837977708019964
252 6.8344530514733695
253 6.837286331286665
254 6.833665241884594
255 6.836039275143927
256 6.832241819778182
257 6.834053764125589
258 6.829953691901127
259 6.831041797628855
260 6.826457867681648
261 6.8265919927035625
262 6.821283493158873
263 6.820164768336942
264 6.8138439475812485
265 6.811132096115476
266 6.803516944296508
267 6.798915721191421
268 6.789855475815648
269 6.7832881182612015
270 6.772974677125206
271 6.764814745654305
272 6.753908933119815
273 6.744704793361109
274 6.7327319471177995
275 6.718291729338814
276 6.694397063620543
277 6.655845560103638
278 6.597139490551893
279 6.539104140966667
280 6.495494299598233
281 6.467786379801609
282 6.450854657353994
283 6.443273938958425
284 6.441539867004877
285 6.445123005141807
286 6.4518856463385665
287 6.461703828812393
288 6.473304199575491
289 6.486755060972859
290 6.50135286998563
291 6.51731616703064
292 6.534391262127745
293 6.553009732154788
294 6.573334535321347
295 6.595984845185631
296 6.6212727486717
297 6.649523220946379
298 6.680342377612267
299 6.712743383063131
300 6.745201739506556
301 6.776314121777724